1000002 1 55
1000002 1000006 33
1000002 1000007 8
1000002 1000009 144
1000002 1000010 314
1000002 1000013 8
1000002 1000014 42
1000002 1000017 69
1000002 1000024 329
1000002 1000025 1
1000002 1000028 17
1000002 1000031 47
1000002 1000033 15
1000002 1000042 1
1000002 1000045 1
1000002 1000054 2
1000002 1000055 25
1000002 1000056 4
1000002 1000059 2
1000002 1000062 71
1000002 1000088 157
1000002 1000099 57
1000002 1000107 4
1000002 1000113 30
1000002 1000123 27
1000002 1000127 53
1000002 1000139 56
1000002 1000140 95
1000002 1000157 2
1000002 1000183 49
1000002 1000188 125
1000002 1000201 1
1000002 1000210 23
1000002 1000243 1
1000002 1000251 4
1000002 1000260 7
1000002 1000265 16
1000002 1000266 38
1000002 1000283 3
1000002 1000288 1
1000002 1000289 36
1000002 1000293 1
1000002 1000295 2
1000002 1000302 1
1000002 1000305 5
1000002 1000315 155
1000002 1000317 35
1000002 1000322 98
1000002 1000323 236
1000002 1000325 4
1000002 1000340 17
1000002 1000343 2
1000002 1000382 3
1000002 1000424 1
1000002 1000434 89
1000002 1000438 45
1000002 1000440 14
1000002 1000450 3
1000002 1000451 54
1000002 1000456 4
1000002 1000457 1
1000002 1000481 2
1000002 1000498 3
1000002 1000503 16
1000002 1000515 18
1000002 1000518 83
1000002 1000520 12
1000002 1000522 72
1000002 1000569 1
1000002 1000597 23
1000002 1000620 4
1000002 1000623 2
1000002 1000625 2
1000002 1000630 4
1000002 1000631 27
1000002 1000632 119
1000002 1000639 3
1000002 1000660 2
1000002 1000674 1
1000002 1000676 17
1000002 1000677 35
1000002 1000716 1
1000002 1000724 67
1000002 1000726 5
1000002 1000727 5
1000002 1000730 10
1000002 1000737 104
1000002 1000738 4
1000002 1000740 2
1000002 1000744 1
1000002 1000751 3
1000002 1000761 2
1000002 1000762 1
1000002 1000764 2
1000002 1000766 1
1000002 1000768 2
1000002 1000773 3
1000002 1000781 11
1000002 1000840 3
1000002 1000848 1
1000002 1000853 11
1000002 1000855 4
1000002 1000874 1
1000002 1000904 54
1000002 1000931 1
1000002 1000933 48
1000002 1000981 33
1000002 1000982 5
1000002 1000985 115
1000002 1001007 13
1000002 1001008 151
1000002 1001065 1
1000002 1001129 23
1000002 1001130 3
1000002 1001152 2
1000002 1001167 2
1000002 1001172 3
1000002 1001174 5
1000002 1001178 4
1000002 1001180 2
1000002 1001207 1
1000002 1001208 1
1000002 1001220 1
1000002 1001223 3
1000002 1001229 1
1000002 1001230 3
1000002 1001233 12
1000002 1001240 2
1000002 1001249 17
1000002 1001261 1
1000002 1001265 8
1000002 1001270 2
1000002 1001273 4
1000002 1001276 1
1000002 1001281 1
1000002 1001291 1
1000002 1001292 1
1000002 1001293 1
1000002 1001294 3
1000002 1001295 1
1000002 1001296 1
1000002 1001300 2
1000002 1001302 2
1000002 1001304 1
1000002 1001306 5
1000002 1001307 1
1000002 1001310 1
1000002 1001313 1
1000002 1001320 2
1000002 1001327 2
1000002 1001328 3
1000002 1001329 2
1000002 1001332 3
1000002 1001333 1
1000002 1001341 2
1000002 1001342 1
1000002 1001343 1
1000002 1001345 3
1000002 1001346 2
1000002 1001347 5
1000002 1001348 1
1000002 1001351 2
1000002 1001352 1
1000002 1001353 1
1000002 1001355 3
1000002 1001358 4
1000002 1001362 3
1000002 1001363 1
1000002 1001380 3
1000002 1001402 6
1000002 1001410 5
1000002 1001426 2
1000002 1001478 13
1000002 1001483 3
1000002 1001528 1
1000002 1001529 3
1000002 1001531 17
1000002 1001550 1
1000002 1001551 5
1000002 1001646 8
1000002 1001653 6
1000002 1001674 1
1000002 1001708 4
1000002 1001727 11
1000002 1001757 2
1000002 1001804 3
1000002 1001807 1
1000002 1001812 1
1000002 1001835 4
1000002 1001836 9
1000002 1001855 8
1000002 1001858 13
1000002 1001888 56
1000002 1001900 2
1000002 1001910 22
1000002 1001920 1
1000002 1001989 3
1000002 1002098 1
1000002 1002178 19
1000002 1002214 87
1000002 1002287 32
1000002 1002382 21
1000002 1002401 3
1000002 1002439 1
1000002 1002457 4
1000002 1002498 1
1000002 1002517 1
1000002 1002556 4
1000002 1002577 5
1000002 1002586 1
1000002 1002615 58
1000002 1002624 1
1000002 1002732 35
1000002 1002736 1
1000002 1002794 27
1000002 1002801 6
1000002 1002802 6
1000002 1002837 3
1000002 1002852 1
1000002 1002909 2
1000002 1002914 1
1000002 1002915 1
1000002 1002916 1
1000002 1003030 3
1000002 1003039 2
1000002 1003069 1
1000002 1003083 23
1000002 1003084 17
1000002 1003158 4
1000002 1003159 1
1000002 1003168 4
1000002 1003212 3
1000002 1003263 5
1000002 1003265 87
1000002 1003342 5
1000002 1003365 2
1000002 1003367 8
1000002 1003369 2
1000002 1003370 2
1000002 1003371 1
1000002 1003373 3
1000002 1003376 2
1000002 1003377 1
1000002 1003378 1
1000002 1003379 3
1000002 1003380 3
1000002 1003381 2
1000002 1003382 3
1000002 1003383 1
1000002 1003384 2
1000002 1003386 1
1000002 1003387 2
1000002 1003388 4
1000002 1003389 1
1000002 1003391 1
1000002 1003394 5
1000002 1003395 2
1000002 1003396 1
1000002 1003397 1
1000002 1003398 1
1000002 1003402 4
1000002 1003404 1
1000002 1003405 1
1000002 1003406 5
1000002 1003408 1
1000002 1003409 3
1000002 1003410 4
1000002 1003411 1
1000002 1003412 2
1000002 1003413 4
1000002 1003414 1
1000002 1003415 5
1000002 1003416 1
1000002 1003417 1
1000002 1003418 2
1000002 1003419 1
1000002 1003420 3
1000002 1003421 1
1000002 1003422 1
1000002 1003424 6
1000002 1003433 1
1000002 1003472 1
1000002 1003475 1
1000002 1003477 4
1000002 1003478 1
1000002 1003483 1
1000002 1003484 3
1000002 1003488 2
1000002 1003489 1
1000002 1003493 1
1000002 1003495 3
1000002 1003497 1
1000002 1003501 2
1000002 1003511 1
1000002 1003514 5
1000002 1003515 2
1000002 1003517 3
1000002 1003518 2
1000002 1003519 2
1000002 1003520 2
1000002 1003522 1
1000002 1003523 1
1000002 1003524 3
1000002 1003526 2
1000002 1003527 1
1000002 1003557 1
1000002 1003579 2
1000002 1003610 1
1000002 1003612 2
1000002 1003615 5
1000002 1003616 1
1000002 1003617 1
1000002 1003619 1
1000002 1003620 2
1000002 1003622 1
1000002 1003623 1
1000002 1003627 3
1000002 1003628 1
1000002 1003631 1
1000002 1003632 1
1000002 1003633 1
1000002 1003634 1
1000002 1003637 1
1000002 1003640 1
1000002 1003643 1
1000002 1003646 3
1000002 1003647 1
1000002 1003648 1
1000002 1003649 1
1000002 1003650 1
1000002 1003654 2
1000002 1003655 2
1000002 1003657 1
1000002 1003673 19
1000002 1003700 2
1000002 1003731 5
1000002 1003778 1
1000002 1003886 13
1000002 1003926 35
1000002 1003944 2
1000002 1003988 1
1000002 1003994 2
1000002 1004039 1
1000002 1004055 1
1000002 1004058 10
1000002 1004082 1
1000002 1004130 93
1000002 1004216 1
1000002 1004245 1
1000002 1004308 1
1000002 1004309 1
1000002 1004312 1
1000002 1004315 1
1000002 1004316 1
1000002 1004323 1
1000002 1004326 2
1000002 1004334 1
1000002 1004336 2
1000002 1004338 1
1000002 1004339 1
1000002 1004346 1
1000002 1004349 1
1000002 1004351 5
1000002 1004352 1
1000002 1004355 2
1000002 1004359 1
1000002 1004362 1
1000002 1004365 1
1000002 1004369 1
1000002 1004370 1
1000002 1004371 1
1000002 1004373 1
1000002 1004375 1
1000002 1004378 1
1000002 1004380 1
1000002 1004381 1
1000002 1004384 1
1000002 1004386 1
1000002 1004391 1
1000002 1004393 2
1000002 1004394 1
1000002 1004395 1
1000002 1004398 1
1000002 1004401 1
1000002 1004406 1
1000002 1004628 3
1000002 1004629 1
1000002 1004637 3
1000002 1005059 2
1000002 1005308 1
1000002 1005365 1
1000002 1005370 1
1000002 1005374 1
1000002 1005375 1
1000002 1005377 1
1000002 1005615 28
1000002 1005729 4
1000002 1005749 4
1000002 1005915 2
1000002 1005945 3
1000002 1006094 20
1000002 1006102 4
1000002 1006174 1
1000002 1006304 1
1000002 1006332 3
1000002 1006379 1
1000002 1006381 1
1000002 1006385 1
1000002 1006392 2
1000002 1006399 2
1000002 1006404 2
1000002 1006410 1
1000002 1006412 2
1000002 1006418 2
1000002 1006846 1
1000002 1006896 30
1000002 1007045 2
1000002 1007346 1
1000002 1007347 9
1000002 1007430 1
1000002 1007459 1
1000002 1007603 1
1000002 1007652 1
1000002 1007653 1
1000002 1007744 1
1000002 1007753 3
1000002 1007756 1
1000002 1007757 3
1000002 1007972 1
1000002 1008016 3
1000002 1008136 26
1000002 1008164 6
1000002 1008850 6
1000002 1009024 58
1000002 1009065 110
1000002 1009243 2
1000002 1009786 1
1000002 1009970 19
1000002 101 3
1000002 1010005 2
1000002 1010022 2
1000002 1010076 1
1000002 1010093 1
1000002 1010143 1
1000002 1010152 4
1000002 1010160 3
1000002 1010219 2
1000002 1010683 1
1000002 1011814 32
1000002 1012807 55
1000002 1014033 65
1000002 1014120 22
1000002 1014133 2
1000002 1014421 106
1000002 1014463 6
1000002 1014481 1
1000002 1015265 1
1000002 1015566 1
1000002 1015982 13
1000002 1016357 1
1000002 1016674 7
1000002 1017329 1
1000002 1017402 5
1000002 1017403 1
1000002 1017404 2
1000002 1017405 1
1000002 1017414 11
1000002 1017763 2
1000002 1017893 1
1000002 1018 2
1000002 1018404 35
1000002 1018740 1
1000002 1021499 1
1000002 1021539 2
1000002 1022098 1
1000002 1022118 1
1000002 1022123 1
1000002 1022132 1
1000002 1022140 1
1000002 1022237 1
1000002 1022258 1
1000002 1022392 1
1000002 1022618 1
1000002 1022862 1
1000002 1022872 1
1000002 1022910 1
1000002 1022914 1
1000002 1022966 1
1000002 1022979 1
1000002 1022988 1
1000002 1022997 1
1000002 1023005 1
1000002 1023016 1
1000002 1023024 1
1000002 1023040 1
1000002 1023043 1
1000002 1023047 28
1000002 1023113 1
1000002 1023119 1
1000002 1023125 1
1000002 1023131 1
1000002 1023139 1
1000002 1023147 1
1000002 1023151 1
1000002 1023160 1
1000002 1023177 1
1000002 1023183 1
1000002 1023192 1
1000002 1023463 1
1000002 1024 10
1000002 1024591 1
1000002 1024629 4
1000002 1024842 1
1000002 1025118 1
1000002 1025690 1
1000002 1026704 5
1000002 1026738 3
1000002 1027443 3
1000002 1027610 1
1000002 1029094 1
1000002 1029443 18
1000002 1029592 1
1000002 1029601 2
1000002 1029770 1
1000002 1030084 1
1000002 1030121 1
1000002 1031515 24
1000002 1034374 1
1000002 1034635 42
1000002 1035248 17
1000002 1036094 1
1000002 1036431 1
1000002 1036926 1
1000002 1037241 5
1000002 1039191 1
1000002 1041136 1
1000002 1041895 1
1000002 1042043 1
1000002 1042054 1
1000002 1042071 1
1000002 1042077 1
1000002 1042262 1
1000002 1042478 5
1000002 1043898 1
1000002 1045633 16
1000002 1048830 3
1000002 1052993 3
1000002 1053817 2
1000002 1054229 2
1000002 1056788 3
1000002 1057422 2
1000002 1057426 5
1000002 1058612 2
1000002 1058631 2
1000002 1058650 2
1000002 1059598 2
1000002 106 10
1000002 1061553 45
1000002 1064023 1
1000002 1064598 5
1000002 1064798 36
1000002 1068317 1
1000002 1069200 11
1000002 1070105 8
1000002 1076507 1
1000002 10783758 2
1000002 1080983 1
1000002 1083682 4
1000002 1098856 18
1000002 1099029 1
1000002 1099879 3
1000002 1103890 11
1000002 1141000 33
1000002 1169 139
1000002 1171 74
1000002 1177 34
1000002 1179251 1
1000002 1183 110
1000002 1187 8
1000002 1194 72
1000002 1195 20
1000002 1196 7
1000002 1197 24
1000002 1198 51
1000002 1199 2
1000002 1200 41
1000002 1201 62
1000002 1204 43
1000002 1207868 3
1000002 121 18
1000002 1212 6
1000002 1212442 26
1000002 1223 89
1000002 1224 3
1000002 1226 1
1000002 1230 3
1000002 1234321 5
1000002 1234328 2
1000002 1234331 3
1000002 1234850 19
1000002 1235281 6
1000002 1235491 4
1000002 1235731 4
1000002 1238128 2
1000002 1242169 11
1000002 1244328 4
1000002 1244561 7
1000002 1245812 2
1000002 1250104 3
1000002 1251 19
1000002 1251826 1
1000002 1252914 1
1000002 1253284 3
1000002 1256162 3
1000002 1262 5
1000002 1262670 2
1000002 1263 1
1000002 1265 2
1000002 1270 26
1000002 1274 112
1000002 1275800 1
1000002 1275996 143
1000002 1277211 5
1000002 1277408 14
1000002 1278093 81
1000002 1280515 2
1000002 1280943 5
1000002 1284681 1
1000002 1284694 1
1000002 1284697 3
1000002 1289 12
1000002 1293597 9
1000002 1293697 90
1000002 1303 5
1000002 1305 10
1000002 1317025 3
1000002 1318111 23
1000002 1327 118
1000002 1330 2
1000002 1330164 1
1000002 1394 63
1000002 1399 5
1000002 1403 6
1000002 1410 3
1000002 1413 1
1000002 1414 35
1000002 1428 16
1000002 1441 3
1000002 1444 1
1000002 1448 52
1000002 1462 27
1000002 1495 6
1000002 1501 1
1000002 1516 3
1000002 1520 1
1000002 1570 24
1000002 1779 1
1000002 1789 5
1000002 18 1
1000002 1805 21
1000002 1825 7
1000002 1835 3
1000002 1844 9
1000002 1854 49
1000002 1858 1
1000002 1864 35
1000002 1890 223
1000002 1967 14
1000002 202 1
1000002 2077 1
1000002 2085 4
1000002 2088097 10
1000002 2088313 10
1000002 2089141 12
1000002 2100785 1
1000002 2167 1
1000002 2171 1
1000002 2184 2
1000002 2194 12
1000002 228 6
1000002 231 8
1000002 237 16
1000002 238 3
1000002 242 176
1000002 250 6
1000002 2600 15
1000002 2617 3
1000002 2621 51
1000002 2636 2
1000002 2712 1
1000002 2717 1
1000002 28 2
1000002 2823 9
1000002 2842 6
1000002 2860 2
1000002 2883 2
1000002 2884 1
1000002 2897 19
1000002 2916 1
1000002 2951 5
1000002 2955 1
1000002 30 1
1000002 3007 2
1000002 3009 12
1000002 3033 145
1000002 3083 10
1000002 3085 1
1000002 3122 1
1000002 3123 10
1000002 313 41
1000002 3150 66
1000002 3170 19
1000002 3197 2
1000002 3287 5
1000002 3292 12
1000002 3296 29
1000002 3314 1
1000002 3316 5
1000002 3321 12
1000002 3327 42
1000002 3328 29
1000002 3379 1
1000002 3402 31
1000002 3408 2
1000002 3418 1
1000002 3427 3
1000002 3437 2
1000002 344 18
1000002 3491 3
1000002 3547 1
1000002 3554 2
1000002 357 59
1000002 360 5
1000002 3625 4
1000002 3656 46
1000002 3677 2
1000002 3727 1
1000002 388 70
1000002 3902 3
1000002 393 22
1000002 3941 4
1000002 395 5
1000002 3985 8
1000002 4019 9
1000002 402 4
1000002 407 16
1000002 4083 6
1000002 4137 1
1000002 4154 25
1000002 4156 1
1000002 4195 48
1000002 4209 265
1000002 421 2
1000002 4221 115
1000002 4224 1
1000002 4241 2
1000002 4246 24
1000002 4250 12
1000002 4267 3
1000002 4324 19
1000002 4341 1
1000002 4371 3
1000002 4377 18
1000002 4468 30
1000002 4538 1
1000002 4567 61
1000002 4569 1
1000002 4775 9
1000002 478 23
1000002 5097 22
1000002 5153 1
1000002 532 4
1000002 5372 1
1000002 5376 1
1000002 5409 1
1000002 542 5
1000002 5452 24
1000002 5453 1
1000002 5496 3
1000002 553 10
1000002 5606 5
1000002 5626 62
1000002 5661 3
1000002 5668 1
1000002 5687 112
1000002 5702 76
1000002 5705 63
1000002 5712 1
1000002 5734 1
1000002 5761 8
1000002 59 3
1000002 599 2
1000002 600 3
1000002 606 37
1000002 619 1
1000002 648 1
1000002 657 6
1000002 658 2
1000002 666 1
1000002 6679691 5
1000002 668 1
1000002 671 11
1000002 672 10
1000002 6737629 1
1000002 6776788 1
1000002 6777891 2
1000002 6793356 1
1000002 688 42
1000002 691 2
1000002 709 2
1000002 715 1
1000002 719 1
1000002 721 11
1000002 723 2
1000002 725 1
1000002 733 54
1000002 735 1
1000002 740 1
1000002 742 17
1000002 758 9
1000002 776 2
1000002 78 5
1000002 782 48
1000002 793 4
1000002 82 9
1000002 831 36
1000002 833 5
1000002 860 32
1000002 893 1
1000002 930 3
1000002 949 86
1000002 958 5
1000002 969 2
1000002 976 5
1000002 979 86
1000002 988 23
1000002 999 6
1000019 1000010 11
1000019 1000028 5
1000019 1000033 2
1000019 1000036 5
1000019 1000054 1
1000019 1000055 1
1000019 1000062 1
1000019 1000069 3
1000019 1000071 2
1000019 1000076 10
1000019 1000080 3
1000019 1000087 3
1000019 1000088 6
1000019 1000094 2
1000019 1000099 19
1000019 1000108 2
1000019 1000112 37
1000019 1000113 50
1000019 1000120 2
1000019 1000123 23
1000019 1000124 1
1000019 1000130 17
1000019 1000137 1
1000019 1000157 11
1000019 1000162 1
1000019 1000166 1
1000019 1000175 5
1000019 1000176 28
1000019 1000188 7
1000019 1000200 6
1000019 1000201 4
1000019 1000209 1
1000019 1000230 2
1000019 1000236 6
1000019 1000251 11
1000019 1000266 3
1000019 1000277 1
1000019 1000283 1
1000019 1000284 4
1000019 1000287 1
1000019 1000301 1
1000019 1000321 15
1000019 1000325 28
1000019 1000329 10
1000019 1000331 1
1000019 1000336 2
1000019 1000339 3
1000019 1000342 4
1000019 1000382 2
1000019 1000383 4
1000019 1000386 5
1000019 1000390 3
1000019 1000412 5
1000019 1000414 1
1000019 1000416 4
1000019 1000418 1
1000019 1000422 4
1000019 1000427 16
1000019 1000429 2
1000019 1000431 4
1000019 1000435 1
1000019 1000441 1
1000019 1000442 2
1000019 1000444 2
1000019 1000446 3
1000019 1000449 5
1000019 1000455 1
1000019 1000456 108
1000019 1000458 4
1000019 1000467 4
1000019 1000468 2
1000019 1000472 2
1000019 1000473 23
1000019 1000482 2
1000019 1000485 1
1000019 1000511 2
1000019 1000512 5
1000019 1000515 191
1000019 1000522 5
1000019 1000525 2
1000019 1000527 4
1000019 1000535 1
1000019 1000538 2
1000019 1000542 4
1000019 1000543 2
1000019 1000562 3
1000019 1000565 8
1000019 1000567 5
1000019 1000569 12
1000019 1000570 2
1000019 1000573 13
1000019 1000582 1
1000019 1000584 1
1000019 1000586 1
1000019 1000589 1
1000019 1000591 1
1000019 1000594 4
1000019 1000598 2
1000019 1000616 2
1000019 1000624 17
1000019 1000636 2
1000019 1000642 1
1000019 1000644 1
1000019 1000650 2
1000019 1000651 1
1000019 1000653 5
1000019 1000655 1
1000019 1000656 1
1000019 1000689 7
1000019 1000691 2
1000019 1000693 1
1000019 1000698 3
1000019 1000700 1
1000019 1000701 4
1000019 1000711 2
1000019 1000712 1
1000019 1000717 1
1000019 1000721 57
1000019 1000730 1
1000019 1000737 1
1000019 1000752 1
1000019 1000759 1
1000019 1000763 1
1000019 1000765 1
1000019 1000777 2
1000019 1000786 4
1000019 1000787 1
1000019 1000789 3
1000019 1000790 3
1000019 1000792 5
1000019 1000795 5
1000019 1000796 1
1000019 1000799 6
1000019 1000808 13
1000019 1000813 1
1000019 1000815 24
1000019 1000817 19
1000019 1000820 3
1000019 1000836 1
1000019 1000839 1
1000019 1000840 1
1000019 1000841 1
1000019 1000863 3
1000019 1000881 23
1000019 1000889 1
1000019 1000896 1
1000019 1000899 6
1000019 1000923 2
1000019 1000928 1
1000019 1000943 6
1000019 1000946 2
1000019 1000947 4
1000019 1000949 6
1000019 1000951 4
1000019 1000956 1
1000019 1000957 1
1000019 1000959 1
1000019 1000967 1
1000019 1000970 1
1000019 1000971 1
1000019 1000972 3
1000019 1000973 2
1000019 1000981 1
1000019 1000982 3
1000019 1000989 1
1000019 1000991 4
1000019 1000992 1
1000019 1000996 3
1000019 1000998 7
1000019 1001003 2
1000019 1001007 26
1000019 1001016 2
1000019 1001017 2
1000019 1001019 2
1000019 1001028 1
1000019 1001029 1
1000019 1001045 1
1000019 1001046 5
1000019 1001049 2
1000019 1001050 1
1000019 1001052 4
1000019 1001054 4
1000019 1001055 12
1000019 1001056 3
1000019 1001065 5
1000019 1001068 6
1000019 1001081 1
1000019 1001094 2
1000019 1001107 1
1000019 1001115 14
1000019 1001121 12
1000019 1001122 15
1000019 1001124 19
1000019 1001125 12
1000019 1001126 1
1000019 1001127 1
1000019 1001128 23
1000019 1001129 47
1000019 1001130 1
1000019 1001140 1
1000019 1001141 10
1000019 1001143 11
1000019 1001145 4
1000019 1001146 9
1000019 1001150 18
1000019 1001154 10
1000019 1001182 2
1000019 1001187 17
1000019 1001191 11
1000019 1001205 26
1000019 1001218 12
1000019 1001221 8
1000019 1001225 31
1000019 1001228 14
1000019 1001232 9
1000019 1001236 8
1000019 1001238 8
1000019 1001247 11
1000019 1001250 14
1000019 1001256 19
1000019 1001267 8
1000019 1001275 11
1000019 1001279 17
1000019 1001297 1
1000019 1001319 11
1000019 1001326 21
1000019 1001368 2
1000019 1001379 4
1000019 1001383 6
1000019 1001388 2
1000019 1001412 8
1000019 1001426 1
1000019 1001516 1
1000019 1001525 5
1000019 1001529 1
1000019 1001546 2
1000019 1001551 1
1000019 1001553 1
1000019 1001607 3
1000019 1001646 1
1000019 1001708 2
1000019 1001724 4
1000019 1001732 5
1000019 1001777 2
1000019 1001806 1
1000019 1001807 7
1000019 1001815 1
1000019 1001819 20
1000019 1001836 2
1000019 1001845 2
1000019 1001852 1
1000019 1001853 3
1000019 1001855 39
1000019 1001861 9
1000019 1001865 1
1000019 1001866 7
1000019 1001868 4
1000019 1001920 5
1000019 1001941 1
1000019 1001946 1
1000019 1001969 2
1000019 1001978 2
1000019 1001989 1
1000019 1001993 1
1000019 1001995 1
1000019 1001997 9
1000019 1002006 2
1000019 1002018 17
1000019 1002054 2
1000019 1002065 7
1000019 1002080 7
1000019 1002097 1
1000019 1002141 1
1000019 1002142 1
1000019 1002143 1
1000019 1002171 1
1000019 1002178 2
1000019 1002255 2
1000019 1002256 1
1000019 1002283 1
1000019 1002284 1
1000019 1002286 1
1000019 1002292 2
1000019 1002294 1
1000019 1002321 1
1000019 1002382 2
1000019 1002387 2
1000019 1002388 1
1000019 1002389 1
1000019 1002431 1
1000019 1002438 1
1000019 1002458 83
1000019 1002470 33
1000019 1002480 7
1000019 1002481 1
1000019 1002503 15
1000019 1002513 1
1000019 1002516 1
1000019 1002519 14
1000019 1002575 4
1000019 1002577 26
1000019 1002747 1
1000019 1002756 1
1000019 1002837 2
1000019 1002847 6
1000019 1002946 16
1000019 1003030 7
1000019 1003084 1
1000019 1003159 5
1000019 1003168 1
1000019 1003205 1
1000019 1003328 12
1000019 1003365 1
1000019 1003367 1
1000019 1003370 2
1000019 1003376 2
1000019 1003380 4
1000019 1003382 2
1000019 1003384 3
1000019 1003386 1
1000019 1003387 1
1000019 1003388 1
1000019 1003389 2
1000019 1003391 1
1000019 1003394 1
1000019 1003395 1
1000019 1003396 1
1000019 1003397 1
1000019 1003402 1
1000019 1003404 1
1000019 1003405 1
1000019 1003406 4
1000019 1003408 2
1000019 1003409 2
1000019 1003412 3
1000019 1003413 2
1000019 1003414 1
1000019 1003415 5
1000019 1003418 1
1000019 1003420 3
1000019 1003424 2
1000019 1003445 1
1000019 1003465 3
1000019 1003472 1
1000019 1003477 3
1000019 1003485 21
1000019 1003489 1
1000019 1003495 1
1000019 1003501 3
1000019 1003511 1
1000019 1003514 1
1000019 1003517 5
1000019 1003518 1
1000019 1003520 2
1000019 1003526 1
1000019 1003527 1
1000019 1003532 4
1000019 1003535 3
1000019 1003536 1
1000019 1003556 1
1000019 1003592 3
1000019 1003607 1
1000019 1003610 1
1000019 1003612 3
1000019 1003615 1
1000019 1003616 2
1000019 1003619 1
1000019 1003627 3
1000019 1003634 3
1000019 1003646 2
1000019 1003654 1
1000019 1003655 1
1000019 1003659 3
1000019 1003700 2
1000019 1003714 3
1000019 1003721 2
1000019 1003724 1
1000019 1003725 1
1000019 1003726 1
1000019 1003730 1
1000019 1003731 3
1000019 1003745 2
1000019 1003751 1
1000019 1003773 1
1000019 1003775 1
1000019 1003780 3
1000019 1003802 1
1000019 1003849 1
1000019 1003892 2
1000019 1003927 1
1000019 1003979 15
1000019 1003988 4
1000019 1004008 1
1000019 1004044 1
1000019 1004081 1
1000019 1004082 4
1000019 1004084 1
1000019 1004085 3
1000019 1004086 1
1000019 1004088 1
1000019 1004089 1
1000019 1004091 2
1000019 1004125 33
1000019 1004155 2
1000019 1004156 1
1000019 1004159 1
1000019 1004186 3
1000019 1004187 1
1000019 1004189 4
1000019 1004190 1
1000019 1004211 2
1000019 1004214 2
1000019 1004215 1
1000019 1004216 1
1000019 1004217 1
1000019 1004219 3
1000019 1004220 1
1000019 1004221 2
1000019 1004222 1
1000019 1004223 1
1000019 1004226 1
1000019 1004228 1
1000019 1004232 3
1000019 1004235 23
1000019 1004238 9
1000019 1004247 2
1000019 1004252 2
1000019 1004253 2
1000019 1004254 3
1000019 1004255 1
1000019 1004256 1
1000019 1004257 3
1000019 1004262 3
1000019 1004263 1
1000019 1004282 1
1000019 1004284 1
1000019 1004285 2
1000019 1004295 1
1000019 1004301 2
1000019 1004302 2
1000019 1004316 3
1000019 1004317 3
1000019 1004319 1
1000019 1004323 1
1000019 1004326 1
1000019 1004331 1
1000019 1004336 3
1000019 1004359 1
1000019 1004362 1
1000019 1004365 5
1000019 1004369 2
1000019 1004376 1
1000019 1004377 1
1000019 1004378 1
1000019 1004380 1
1000019 1004383 1
1000019 1004388 1
1000019 1004392 1
1000019 1004393 1
1000019 1004397 1
1000019 1004398 2
1000019 1004399 1
1000019 1004401 2
1000019 1004402 1
1000019 1004403 1
1000019 1004404 1
1000019 1004406 1
1000019 1004408 1
1000019 1004410 1
1000019 1004411 1
1000019 1004413 1
1000019 1004441 1
1000019 1004442 1
1000019 1004444 1
1000019 1004448 1
1000019 1004449 1
1000019 1004452 1
1000019 1004453 1
1000019 1004455 1
1000019 1004456 1
1000019 1004457 1
1000019 1004458 1
1000019 1004460 2
1000019 1004472 1
1000019 1004474 1
1000019 1004482 1
1000019 1004491 1
1000019 1004494 1
1000019 1004500 1
1000019 1004541 11
1000019 1004596 1
1000019 1004597 1
1000019 1004606 1
1000019 1004607 1
1000019 1004623 1
1000019 1004631 1
1000019 1004633 2
1000019 1004635 1
1000019 1004637 1
1000019 1004639 1
1000019 1004640 1
1000019 1004694 1
1000019 1004695 1
1000019 1004703 1
1000019 1004704 1
1000019 1004706 1
1000019 1004717 2
1000019 1004719 1
1000019 1004749 1
1000019 1004760 1
1000019 1004761 1
1000019 1004986 1
1000019 1004987 1
1000019 1004988 1
1000019 1004990 1
1000019 1004992 1
1000019 1004994 1
1000019 1005014 3
1000019 1005059 1
1000019 1005108 1
1000019 1005110 1
1000019 1005111 1
1000019 1005115 1
1000019 1005118 1
1000019 1005132 1
1000019 1005133 1
1000019 1005134 3
1000019 1005140 1
1000019 1005147 1
1000019 1005155 2
1000019 1005160 1
1000019 1005268 1
1000019 1005270 1
1000019 1005271 1
1000019 1005272 1
1000019 1005273 1
1000019 1005274 1
1000019 1005275 1
1000019 1005276 1
1000019 1005278 1
1000019 1005292 1
1000019 1005298 1
1000019 1005304 1
1000019 1005308 2
1000019 1005314 1
1000019 1005316 1
1000019 1005324 3
1000019 1005326 1
1000019 1005336 1
1000019 1005340 3
1000019 1005359 1
1000019 1005360 1
1000019 1005364 15
1000019 1005366 19
1000019 1005367 14
1000019 1005369 14
1000019 1005386 2
1000019 1005486 1
1000019 1005487 5
1000019 1005488 5
1000019 1005489 4
1000019 1005589 1
1000019 1005663 1
1000019 1005667 1
1000019 1005668 2
1000019 1005673 1
1000019 1005685 1
1000019 1005697 1
1000019 1005700 1
1000019 1005706 1
1000019 1005711 1
1000019 1005722 2
1000019 1005726 1
1000019 1005727 1
1000019 1005728 1
1000019 1005729 1
1000019 1005731 1
1000019 1005732 1
1000019 1005736 5
1000019 1005737 1
1000019 1005738 9
1000019 1005746 2
1000019 1005751 2
1000019 1005755 2
1000019 1005760 3
1000019 1005779 46
1000019 1005784 28
1000019 1005786 49
1000019 1005788 7
1000019 1005790 17
1000019 1005791 19
1000019 1005820 1
1000019 1005944 70
1000019 1006036 3
1000019 1006039 1
1000019 1006040 5
1000019 1006042 1
1000019 1006044 5
1000019 1006047 68
1000019 1006059 3
1000019 1006074 1
1000019 1006228 1
1000019 1006233 1
1000019 1006251 1
1000019 1006258 1
1000019 1006315 2
1000019 1006331 1
1000019 1006431 6
1000019 1006564 3
1000019 1006587 8
1000019 1006589 5
1000019 1006591 5
1000019 1006602 6
1000019 1006609 3
1000019 1006612 3
1000019 1006620 3
1000019 1006668 2
1000019 1006672 2
1000019 1006949 2
1000019 1006966 1
1000019 1006969 1
1000019 1006971 3
1000019 1006988 2
1000019 1007004 1
1000019 1007006 1
1000019 1007011 1
1000019 1007049 2
1000019 1007080 1
1000019 1007111 3
1000019 1007685 3
1000019 1007800 2
1000019 1007930 3
1000019 1008154 2
1000019 1008202 4
1000019 1008218 3
1000019 1008229 1
1000019 1008235 1
1000019 1008361 1
1000019 1008364 1
1000019 1008367 1
1000019 1008372 1
1000019 1008376 8
1000019 1008380 1
1000019 1008385 1
1000019 1008387 1
1000019 1008389 1
1000019 1008392 1
1000019 1008394 1
1000019 1008401 1
1000019 1008452 1
1000019 1008463 23
1000019 1008470 3
1000019 1008580 13
1000019 1008764 2
1000019 1009092 2
1000019 1009502 1
1000019 1010146 2
1000019 1010433 1
1000019 1010458 1
1000019 1010550 1
1000019 1010558 1
1000019 1010567 1
1000019 1010650 4
1000019 1010767 4
1000019 1010811 1
1000019 1011334 2
1000019 1011618 1
1000019 1011750 4
1000019 1011807 1
1000019 1012321 4
1000019 1012781 1
1000019 1013892 51
1000019 1013939 1
1000019 1014128 1
1000019 1014413 2
1000019 1014420 1
1000019 1014421 9
1000019 1014531 4
1000019 1015134 6
1000019 1015387 2
1000019 1015429 9
1000019 1015982 23
1000019 1016386 1
1000019 1016548 1
1000019 1017329 2
1000019 1017676 5
1000019 1017760 7
1000019 1017893 3
1000019 1018378 1
1000019 1018523 2
1000019 1018784 3
1000019 1018935 1
1000019 1019588 1
1000019 1020839 1
1000019 1021124 9
1000019 1021336 1
1000019 1023764 25
1000019 1023911 1
1000019 1024132 1
1000019 1024468 1
1000019 1026042 1
1000019 1026124 1
1000019 1027055 1
1000019 1027268 1
1000019 1027610 4
1000019 1028986 1
1000019 1029826 1
1000019 1029938 1
1000019 1030121 6
1000019 1030694 1
1000019 1031491 1
1000019 1032053 2
1000019 1032435 1
1000019 1034237 2
1000019 1034635 11
1000019 1036044 1
1000019 1036046 1
1000019 1036089 1
1000019 1036094 1
1000019 1036122 2
1000019 1036251 2
1000019 1036339 4
1000019 1036886 1
1000019 1037271 1
1000019 1037406 2
1000019 1037527 1
1000019 1037631 2
1000019 1037995 1
1000019 1038275 1
1000019 1038355 1
1000019 1038425 2
1000019 1038482 1
1000019 1039201 1
1000019 1039487 1
1000019 1039512 1
1000019 1039520 1
1000019 1039531 1
1000019 1039539 1
1000019 1039546 1
1000019 1039554 1
1000019 1039564 1
1000019 1039569 1
1000019 1039580 1
1000019 1039581 1
1000019 1039582 1
1000019 1039585 1
1000019 1039590 1
1000019 1039599 1
1000019 1039612 1
1000019 1039620 1
1000019 1039628 1
1000019 1039659 2
1000019 1039660 1
1000019 1039667 2
1000019 1039675 1
1000019 1039680 1
1000019 1039685 1
1000019 1039690 2
1000019 1039696 1
1000019 1039701 1
1000019 1039704 1
1000019 1039710 1
1000019 1039718 1
1000019 1039722 1
1000019 1039750 1
1000019 1039766 1
1000019 1039776 1
1000019 1039791 1
1000019 1039794 1
1000019 1039795 2
1000019 1039806 1
1000019 1039819 1
1000019 1039829 1
1000019 1039845 1
1000019 1039852 1
1000019 1039857 1
1000019 1039863 1
1000019 1039907 1
1000019 1039915 1
1000019 1039921 1
1000019 1039932 1
1000019 1039938 1
1000019 1039943 1
1000019 1039957 1
1000019 1039963 1
1000019 1039969 1
1000019 1039977 1
1000019 1039985 1
1000019 1040008 1
1000019 1040017 1
1000019 1040022 1
1000019 1040045 1
1000019 1040071 1
1000019 1040084 1
1000019 1040091 1
1000019 1040096 1
1000019 1040098 1
1000019 1040103 1
1000019 1040109 1
1000019 1040111 1
1000019 1040113 1
1000019 1040117 1
1000019 1040146 1
1000019 1040178 1
1000019 1040186 1
1000019 1040193 1
1000019 1040194 1
1000019 1040199 1
1000019 1040219 1
1000019 1040232 1
1000019 1040241 1
1000019 1040248 1
1000019 1040261 2
1000019 1040267 1
1000019 1040301 1
1000019 1040322 1
1000019 1040334 1
1000019 1040338 1
1000019 1040343 2
1000019 1040351 1
1000019 1040360 1
1000019 1040366 1
1000019 1040371 1
1000019 1040389 1
1000019 1040397 1
1000019 1040419 1
1000019 1040423 1
1000019 1040428 1
1000019 1040459 1
1000019 1040464 1
1000019 1040471 2
1000019 1040478 1
1000019 1040492 1
1000019 1040501 1
1000019 1040537 1
1000019 1040547 1
1000019 1040555 1
1000019 1040584 1
1000019 1040595 1
1000019 1040599 1
1000019 1040606 1
1000019 1041354 1
1000019 1041613 1
1000019 1042244 1
1000019 1042256 1
1000019 1042263 1
1000019 1042266 1
1000019 1042294 1
1000019 1042310 1
1000019 1042316 1
1000019 1042320 1
1000019 1042325 1
1000019 1042332 1
1000019 1042351 1
1000019 1042361 1
1000019 1042374 1
1000019 1042379 1
1000019 1042382 1
1000019 1042403 1
1000019 1042408 1
1000019 1042410 1
1000019 1042412 2
1000019 1042415 1
1000019 1042418 1
1000019 1042444 2
1000019 1042475 1
1000019 1042486 1
1000019 1042498 1
1000019 1042507 1
1000019 1042515 1
1000019 1042522 1
1000019 1042530 1
1000019 1042536 1
1000019 1043261 1
1000019 1043262 1
1000019 1043263 2
1000019 1043264 1
1000019 1043278 1
1000019 1043283 1
1000019 1043291 1
1000019 1043297 1
1000019 1043306 1
1000019 1043311 1
1000019 1043320 1
1000019 1043357 1
1000019 1043369 1
1000019 1043376 2
1000019 1043387 1
1000019 1043393 1
1000019 1043423 2
1000019 1043429 1
1000019 1043443 1
1000019 1043451 1
1000019 1043456 1
1000019 1043465 1
1000019 1043476 1
1000019 1043488 1
1000019 1043500 1
1000019 1043514 1
1000019 1043819 1
1000019 1043823 1
1000019 1043827 1
1000019 1043851 1
1000019 1043856 1
1000019 1043862 1
1000019 1043864 1
1000019 1043869 1
1000019 1043874 1
1000019 1043884 1
1000019 1043908 1
1000019 1043926 1
1000019 1045643 1
1000019 1045675 1
1000019 1045691 1
1000019 1045699 1
1000019 1045731 1
1000019 1045744 1
1000019 1045753 2
1000019 1045771 1
1000019 1045783 1
1000019 1045788 1
1000019 1046651 1
1000019 1046657 1
1000019 1046675 1
1000019 1046683 1
1000019 1046696 1
1000019 1046709 1
1000019 1046720 1
1000019 1046738 1
1000019 1046775 1
1000019 1046809 1
1000019 1046839 1
1000019 1046849 1
1000019 1046865 1
1000019 1046899 1
1000019 1046911 1
1000019 1046932 1
1000019 1046969 1
1000019 1046990 1
1000019 1047011 1
1000019 1047027 1
1000019 1047076 1
1000019 1047099 1
1000019 1047105 1
1000019 1047124 1
1000019 1047167 1
1000019 1047183 1
1000019 1047194 1
1000019 1047206 1
1000019 1047238 1
1000019 1047405 1
1000019 1047412 1
1000019 1047414 1
1000019 1047434 1
1000019 1047453 1
1000019 1047490 1
1000019 1047507 1
1000019 1047520 1
1000019 1047529 1
1000019 1047538 1
1000019 1047556 1
1000019 1047575 1
1000019 1047604 1
1000019 1047614 1
1000019 1047628 1
1000019 1047641 1
1000019 1047743 1
1000019 1048192 3
1000019 1049267 1
1000019 1049493 1
1000019 1050035 5
1000019 1051577 2
1000019 1052199 1
1000019 1062482 4
1000019 1063841 6
1000019 1064924 2
1000019 1065736 1
1000019 1065953 1
1000019 1066122 1
1000019 1066827 1
1000019 1068956 1
1000019 1070138 5
1000019 1071882 2
1000019 1074970 1
1000019 1075 2
1000019 1075302 2
1000019 1075671 1
1000019 1075836 2
1000019 1077686 1
1000019 1078895 12
1000019 1079075 2
1000019 1079231 1
1000019 1079281 1
1000019 1079418 1
1000019 1079463 1
1000019 1081087 7
1000019 1081143 2
1000019 1081193 2
1000019 1081201 1
1000019 1081233 2
1000019 1081264 1
1000019 1081357 2
1000019 1081367 1
1000019 1081402 2
1000019 1082210 1
1000019 1082507 4
1000019 1082557 1
1000019 1083534 1
1000019 1083556 1
1000019 1083709 1
1000019 1083834 1
1000019 1083940 1
1000019 1084171 2
1000019 1085013 1
1000019 1085160 1
1000019 1085173 1
1000019 1086034 1
1000019 1087 4
1000019 1087680 1
1000019 1098 1
1000019 1100716 1
1000019 1107427 7
1000019 1107429 7
1000019 1120883 1
1000019 1131552 11
1000019 1162 7
1000019 1177 2
1000019 1180 1
1000019 1183 2
1000019 1186 1
1000019 1192 3
1000019 1194 1
1000019 1195 1
1000019 1196 2
1000019 1204 2
1000019 1205 3
1000019 121 2
1000019 1223 4
1000019 1230 2
1000019 1233212 14
1000019 1234331 2
1000019 1234418 3
1000019 1234850 2
1000019 1235281 11
1000019 1235674 3
1000019 1236150 1
1000019 1236255 1
1000019 1236976 15
1000019 1238056 1
1000019 1239067 95
1000019 1240984 2
1000019 1241016 3
1000019 1241121 4
1000019 1245208 1
1000019 1246136 13
1000019 1246232 1
1000019 1248537 1
1000019 1250104 34
1000019 1251 8
1000019 1252 1
1000019 1252315 5
1000019 1253284 4
1000019 1254465 3
1000019 1255560 8
1000019 1259 11
1000019 1261064 1
1000019 1262703 2
1000019 1263 2
1000019 1263307 1
1000019 1270 3
1000019 1274 3
1000019 1292 1
1000019 1295493 1
1000019 1296 3
1000019 1302879 1
1000019 1303 4
1000019 1305 1
1000019 1317 5
1000019 1319489 4
1000019 1327 7
1000019 1336981 3
1000019 1394 7
1000019 14 1
1000019 1400 1
1000019 1403 3
1000019 141 2
1000019 1410 1
1000019 1411 2
1000019 1428 9
1000019 1441 1
1000019 1457 4
1000019 1495 212
1000019 1501 115
1000019 153 4
1000019 1570 2
1000019 1581 1
1000019 1632 1
1000019 176 1
1000019 1786 18
1000019 1798 7
1000019 1835 1
1000019 1854 3
1000019 1858 2
1000019 1864 1
1000019 189 1
1000019 1890 2
1000019 1911 1
1000019 1913 3
1000019 1956 1
1000019 1991 10
1000019 2017 7
1000019 2059290 14
1000019 2073327 1
1000019 2077 2
1000019 2083961 1
1000019 2085 1
1000019 2092280 39
1000019 2111148 12
1000019 2171 1
1000019 2178 1
1000019 2211 1
1000019 231 4
1000019 233 1
1000019 234 3
1000019 251 3
1000019 2818 4
1000019 2819 2
1000019 2822 4
1000019 2823 3
1000019 2842 4
1000019 2860 3
1000019 2897 7
1000019 2916 1
1000019 2933 1
1000019 3011 1
1000019 3085 1
1000019 3106 1
1000019 3111 3
1000019 313 22
1000019 3150 10
1000019 3161 9
1000019 3170 1
1000019 3287 2
1000019 3291 2
1000019 3292 8
1000019 3296 1
1000019 3321 9
1000019 3327 1
1000019 3379 1
1000019 3437 2
1000019 344 7
1000019 3554 6
1000019 3862 3
1000019 3902 1
1000019 3922 3
1000019 393 8
1000019 3985 1
1000019 4006 3
1000019 4019 15
1000019 4037 3
1000019 4061 23
1000019 4135 2
1000019 4154 2
1000019 4156 2
1000019 4163 3
1000019 4185 1
1000019 4192 1
1000019 4207 2
1000019 4221 4
1000019 4224 1
1000019 4246 25
1000019 425 5
1000019 4296 2
1000019 4302 2
1000019 4349 1
1000019 4377 12
1000019 440 6
1000019 4455 1
1000019 4465 3
1000019 4496 4
1000019 4499 2
1000019 4567 1
1000019 4569 10
1000019 463 1
1000019 5063 3
1000019 5073 2
1000019 5116 4
1000019 5131 2
1000019 5372 1
1000019 5409 9
1000019 5447 1
1000019 5475 54
1000019 5494 1
1000019 5503 4
1000019 553 2
1000019 5535 1
1000019 5564 1
1000019 5606 29
1000019 5626 2
1000019 5687 2
1000019 5692 3
1000019 5715 112
1000019 5741 1
1000019 5745 1
1000019 5747 2
1000019 5798 6
1000019 581 1
1000019 5810 15
1000019 5819 1
1000019 59 3
1000019 599 12
1000019 600 15
1000019 601 1
1000019 606 15
1000019 648 1
1000019 655 12
1000019 676 12
1000019 684 2
1000019 6958424 1
1000019 718 5
1000019 721 3
1000019 739 7
1000019 791 4
1000019 793 13
1000019 798 1
1000019 82 10
1000019 830 14
1000019 860 3
1000019 911 1
1000019 930 3
1000019 948 6
1000019 961 2
1000019 970 3
1000019 986 3
1000020 1 90
1000020 1000024 1
1000020 1000028 1
1000020 1000044 22
1000020 1000054 1
1000020 1000062 27
1000020 1000105 3
1000020 1000113 49
1000020 1000127 1
1000020 1000130 16
1000020 1000139 77
1000020 1000188 1
1000020 1000230 2
1000020 1000233 84
1000020 1000283 2
1000020 1000289 2
1000020 1000313 4
1000020 1000315 43
1000020 1000323 54
1000020 1000333 1
1000020 1000343 20
1000020 1000388 2
1000020 1000421 1
1000020 1000429 42
1000020 1000462 1
1000020 1000505 213
1000020 1000522 18
1000020 1000557 1
1000020 1000569 43
1000020 1000591 1
1000020 1000631 17
1000020 1000660 4
1000020 1000665 28
1000020 1000676 8
1000020 1000722 14
1000020 1000724 2
1000020 1000846 6
1000020 1000848 1
1000020 1000860 7
1000020 1000864 146
1000020 1000886 12
1000020 1000930 23
1000020 1000977 3
1000020 1000985 1
1000020 1001002 1
1000020 1001030 9
1000020 1001062 80
1000020 1001072 38
1000020 1001134 42
1000020 1001145 10
1000020 1001148 53
1000020 1001152 52
1000020 1001169 14
1000020 1001265 14
1000020 1001278 1
1000020 1001286 60
1000020 1001301 5
1000020 1001306 2
1000020 1001363 2
1000020 1001383 11
1000020 1001428 1
1000020 1001435 1
1000020 1001443 195
1000020 1001449 1
1000020 1001450 2
1000020 1001459 16
1000020 1001514 102
1000020 1001525 1
1000020 1001531 97
1000020 1001588 180
1000020 1001592 32
1000020 1001646 34
1000020 1001713 2
1000020 1001714 16
1000020 1001727 6
1000020 1001735 10
1000020 1001741 20
1000020 1001762 18
1000020 1001770 4
1000020 1001779 2
1000020 1001822 16
1000020 1001864 2
1000020 1001885 1
1000020 1001886 63
1000020 1001891 1
1000020 1001898 42
1000020 1001944 6
1000020 1002132 101
1000020 1002178 1
1000020 1002260 2
1000020 1002262 67
1000020 1002264 9
1000020 1002304 2
1000020 1002457 15
1000020 1002465 2
1000020 1002473 23
1000020 1002496 1
1000020 1002556 7
1000020 1002767 21
1000020 1002819 1
1000020 1002820 33
1000020 1002852 5
1000020 1003037 1
1000020 1003053 1
1000020 1003059 63
1000020 1003144 15
1000020 1003168 1
1000020 1003176 6
1000020 1003212 2
1000020 1003329 1
1000020 1003342 1
1000020 1003430 11
1000020 1003568 1
1000020 1003720 3
1000020 1003731 8
1000020 1003886 3
1000020 1003928 18
1000020 1004058 48
1000020 1004347 1
1000020 1004349 5
1000020 1004461 12
1000020 1004513 2
1000020 1004641 22
1000020 1004701 13
1000020 1004714 2
1000020 1005006 1
1000020 1005014 1
1000020 1005736 4
1000020 1005765 11
1000020 1005789 1
1000020 1005803 3
1000020 1005904 2
1000020 1006086 11
1000020 1006102 14
1000020 1006142 52
1000020 1006322 4
1000020 1006384 22
1000020 1006847 27
1000020 1006972 3
1000020 1007307 1
1000020 1007320 1
1000020 1007347 1
1000020 1007445 22
1000020 1007500 21
1000020 1007948 22
1000020 1008663 15
1000020 1008982 1
1000020 1008988 1
1000020 1008991 1
1000020 1008995 1
1000020 1009084 147
1000020 1009736 24
1000020 1009786 2
1000020 1009843 2
1000020 1009898 57
1000020 1010030 2
1000020 1010373 50
1000020 1010442 1
1000020 1010583 1
1000020 1010622 32
1000020 1010953 16
1000020 1011043 2
1000020 1011785 7
1000020 1012155 27
1000020 1012694 3
1000020 1013187 1
1000020 1014214 1
1000020 1014826 1
1000020 1015157 39
1000020 1017981 19
1000020 1018670 3
1000020 1019905 6
1000020 1020360 2
1000020 1020381 3
1000020 1022178 1
1000020 1023054 13
1000020 1024494 1
1000020 1024778 1
1000020 1026168 1
1000020 10262930 1
1000020 1026831 3
1000020 1027267 30
1000020 1027443 1
1000020 1029094 12
1000020 1029414 1
1000020 1029443 195
1000020 1029596 3
1000020 1029867 61
1000020 1031335 41
1000020 1031675 4
1000020 1033830 1
1000020 1034635 19
1000020 1035860 74
1000020 1035861 8
1000020 1035862 4
1000020 1035863 14
1000020 1035864 14
1000020 1035865 1
1000020 1035866 5
1000020 1036909 3
1000020 1040594 8
1000020 1042824 2
1000020 1046165 12
1000020 1046209 1
1000020 1046319 3
1000020 1050560 1
1000020 1053080 1
1000020 1056378 10
1000020 1057645 17
1000020 1058468 3
1000020 1059081 3
1000020 1059082 20
1000020 1063633 1
1000020 1065387 3
1000020 1067930 10
1000020 1070177 2
1000020 1073295 8
1000020 1075127 5
1000020 1078331 31
1000020 1078643 1
1000020 1083278 1
1000020 1085455 2
1000020 1104611 1
1000020 1104612 2
1000020 1105360 9
1000020 1106331 12
1000020 111 180
1000020 1112108 8
1000020 1155155 12
1000020 1158 40
1000020 1160349 16
1000020 1168 8
1000020 1169 150
1000020 1171 39
1000020 1177 43
1000020 1179 22
1000020 118 7
1000020 1180 48
1000020 1181 30
1000020 1183 14
1000020 1186 2
1000020 1187 98
1000020 1190 8
1000020 1191 94
1000020 1192639 1
1000020 1193 146
1000020 1194 6
1000020 1195 8
1000020 1201 15
1000020 1212 75
1000020 1223 22
1000020 1230 17
1000020 1231740 11
1000020 1233196 2
1000020 1233313 5
1000020 1233321 30
1000020 1233516 13
1000020 1233606 14
1000020 1233634 1
1000020 1233681 44
1000020 1233770 10
1000020 1233802 1
1000020 1235 12
1000020 1235281 2
1000020 1235674 2
1000020 1235784 1
1000020 1235857 1
1000020 1237494 1
1000020 1237546 1
1000020 1238128 7
1000020 1238206 20
1000020 1238467 1
1000020 1238551 6
1000020 1239210 4
1000020 1240674 1
1000020 1244811 5
1000020 1246524 3
1000020 1248374 12
1000020 1248399 2
1000020 1251 21
1000020 1251278 1
1000020 1252420 10
1000020 1254605 1
1000020 1255 148
1000020 1256162 1
1000020 1257225 34
1000020 1259 11
1000020 1261311 1
1000020 1262 127
1000020 1262123 19
1000020 1265 1
1000020 1268623 40
1000020 1270639 23
1000020 1274 14
1000020 1275123 1
1000020 1275996 22
1000020 1278 35
1000020 1278093 12
1000020 1281772 40
1000020 1287338 42
1000020 1298444 11
1000020 13 115
1000020 1303 1
1000020 1307 14
1000020 1310 56
1000020 1312 35
1000020 1320736 1
1000020 1329882 46
1000020 1330 70
1000020 1335602 1
1000020 1361 4
1000020 1365 65
1000020 1369 46
1000020 1394 40
1000020 1400 16
1000020 1404 1
1000020 1410 1
1000020 1411 19
1000020 1412 1
1000020 1413 45
1000020 1414 10
1000020 1416 25
1000020 1478 1
1000020 15 8
1000020 150 5
1000020 1501 48
1000020 153 9
1000020 1570 5
1000020 1620 1
1000020 1636 13
1000020 1653 1
1000020 1706 27
1000020 1781 1
1000020 1786 1
1000020 1789 2
1000020 1838 242
1000020 1843 1
1000020 1844 5
1000020 1870 1
1000020 189 132
1000020 1900 1
1000020 2 176
1000020 2010 45
1000020 2066640 14
1000020 207 1
1000020 2080 141
1000020 2085 21
1000020 2095108 71
1000020 2105 118
1000020 2108 5
1000020 2121672 6
1000020 2132 48
1000020 2157918 4
1000020 2165844 3
1000020 2178 20
1000020 2221 1
1000020 223 64
1000020 2247 113
1000020 228 36
1000020 2283071 9
1000020 2305 1
1000020 231 45
1000020 232 56
1000020 234 29
1000020 2344 3
1000020 237 213
1000020 238 1
1000020 242 14
1000020 2435 1
1000020 2439 1
1000020 2440 1
1000020 2459 1
1000020 2476 2
1000020 2479 2
1000020 2481 1
1000020 250 2
1000020 2500 1
1000020 2651 1
1000020 2734 2
1000020 2818 1
1000020 2825 1
1000020 2828 131
1000020 2896 26
1000020 2897 4
1000020 296 5
1000020 2978 1
1000020 300 71
1000020 3009 13
1000020 302 89
1000020 313 82
1000020 3150 5
1000020 3170 12
1000020 3270 1
1000020 3292 4
1000020 3323 1
1000020 3325 52
1000020 3327 47
1000020 335 75
1000020 342 31
1000020 344 15
1000020 352 23
1000020 3621 65
1000020 3643 3
1000020 3656 7
1000020 3783 1
1000020 386 1
1000020 3869 23
1000020 388 74
1000020 393 3
1000020 40 8
1000020 4067 2
1000020 411 13
1000020 4131 2
1000020 4153 82
1000020 4154 36
1000020 4192 13
1000020 4221 15
1000020 4246 11
1000020 4262 30
1000020 4267 21
1000020 4377 18
1000020 441 1
1000020 4473 1
1000020 4475 5
1000020 4483 2
1000020 4496 9
1000020 4624 12
1000020 4629 12
1000020 463 199
1000020 478 122
1000020 4985 11
1000020 5111 1
1000020 5144 51
1000020 5210 19
1000020 5223 1
1000020 535 57
1000020 542 2
1000020 543 2
1000020 5470 1
1000020 5496 2
1000020 5508 2
1000020 5687 20
1000020 5705 1
1000020 5795 7
1000020 58 7
1000020 5820 2
1000020 589 1
1000020 59 124
1000020 598 1
1000020 603 5
1000020 606 32
1000020 6610959 4
1000020 6627010 1
1000020 6658665 1
1000020 6663544 4
1000020 6711224 2
1000020 672 1
1000020 673 1
1000020 676 14
1000020 681 1
1000020 6838879 4
1000020 6849873 1
1000020 6915410 1
1000020 6963713 14
1000020 699 1
1000020 70 13
1000020 71 216
1000020 717 2
1000020 723 1
1000020 742 2
1000020 75 30
1000020 754 209
1000020 758 1
1000020 778 44
1000020 793 143
1000020 819 4
1000020 82 27
1000020 860 11
1000020 873 14
1000020 895 2
1000020 896 38
1000020 940 1
1000020 949 7
1000020 956 1
1000020 976 56
1000020 979 304
1000020 9974914 1
1000021 1 12
1000021 1000009 27
1000021 1000024 13
1000021 1000033 9
1000021 1000045 4
1000021 1000052 259
1000021 1000056 19
1000021 1000062 88
1000021 1000115 1
1000021 1000123 14
1000021 1000127 61
1000021 1000138 29
1000021 1000139 49
1000021 1000140 1
1000021 1000201 21
1000021 1000258 3
1000021 1000263 5
1000021 1000265 3
1000021 1000270 4
1000021 1000285 12
1000021 1000286 6
1000021 1000289 1
1000021 1000294 8
1000021 1000302 17
1000021 1000307 8
1000021 1000308 39
1000021 1000323 1
1000021 1000340 1
1000021 1000405 3
1000021 1000434 2
1000021 1000445 9
1000021 1000451 24
1000021 1000469 11
1000021 1000498 5
1000021 1000508 3
1000021 1000513 6
1000021 1000518 10
1000021 1000570 102
1000021 1000591 31
1000021 1000598 5
1000021 1000611 4
1000021 1000613 3
1000021 1000660 13
1000021 1000667 1
1000021 1000669 1
1000021 1000672 1
1000021 1000855 3
1000021 1000897 17
1000021 1000924 1
1000021 1001313 5
1000021 1001358 4
1000021 1001771 5
1000021 1002843 3
1000021 1003469 1
1000021 1006373 1
1000021 1007690 2
1000021 1177 6
1000021 1198 2
1000021 1201 567
1000021 1251 4
1000021 1255 6
1000021 1259 3
1000021 1289 15
1000021 18 1
1000021 232 4
1000021 2575 2
1000021 2600 1
1000021 3292 44
1000021 3327 39
1000021 3364 90
1000021 3402 3
1000021 386 3
1000021 393 2
1000021 4371 3
1000021 4465 1
1000021 4468 26
1000021 4531 2
1000021 4609 12
1000021 5409 20
1000021 5477 78
1000021 5556 413
1000021 5606 71
1000021 5661 146
1000021 5715 93
1000021 5717 2
1000021 5810 1
1000021 5833 181
1000021 59 33
1000021 600 4
1000021 676 31
1000021 709 84
1000021 721 48
1000021 742 19
1000021 78 52
1000021 831 28
1000021 873 75
1000021 979 2
1000022 1000009 3
1000022 1000010 78
1000022 1000013 14
1000022 1000014 30
1000022 1000017 21
1000022 1000024 72
1000022 1000025 37
1000022 1000028 1
1000022 1000031 10
1000022 1000033 8
1000022 1000035 4
1000022 1000036 495
1000022 1000038 8
1000022 1000041 38
1000022 1000042 24
1000022 1000043 87
1000022 1000044 104
1000022 1000045 98
1000022 1000046 15
1000022 1000048 2
1000022 1000049 23
1000022 1000052 133
1000022 1000054 3
1000022 1000055 15
1000022 1000056 136
1000022 1000059 38
1000022 1000060 62
1000022 1000062 45
1000022 1000094 3
1000022 1000105 60
1000022 1000107 41
1000022 1000108 57
1000022 1000112 14
1000022 1000113 102
1000022 1000114 72
1000022 1000115 7
1000022 1000123 43
1000022 1000126 52
1000022 1000127 12
1000022 1000129 6
1000022 1000137 7
1000022 1000138 44
1000022 1000139 102
1000022 1000140 72
1000022 1000152 15
1000022 1000156 15
1000022 1000157 13
1000022 1000161 8
1000022 1000163 1
1000022 1000183 16
1000022 1000188 5
1000022 1000191 1
1000022 1000196 3
1000022 1000199 8
1000022 1000201 14
1000022 1000210 48
1000022 1000243 1
1000022 1000250 32
1000022 1000251 12
1000022 1000254 3
1000022 1000258 48
1000022 1000260 24
1000022 1000263 61
1000022 1000265 62
1000022 1000266 63
1000022 1000270 30
1000022 1000286 1
1000022 1000289 5
1000022 1000292 10
1000022 1000294 4
1000022 1000307 9
1000022 1000308 10
1000022 1000313 44
1000022 1000314 17
1000022 1000315 6
1000022 1000317 16
1000022 1000319 36
1000022 1000320 18
1000022 1000321 22
1000022 1000322 71
1000022 1000323 99
1000022 1000324 21
1000022 1000325 82
1000022 1000329 51
1000022 1000333 151
1000022 1000338 24
1000022 1000340 51
1000022 1000343 43
1000022 1000388 7
1000022 1000405 9
1000022 1000416 15
1000022 1000422 1
1000022 1000424 15
1000022 1000427 14
1000022 1000428 13
1000022 1000438 1
1000022 1000440 2
1000022 1000445 6
1000022 1000451 118
1000022 1000453 1
1000022 1000454 1
1000022 1000457 15
1000022 1000461 52
1000022 1000462 10
1000022 1000469 11
1000022 1000481 41
1000022 1000487 9
1000022 1000488 153
1000022 1000490 249
1000022 1000494 5
1000022 1000495 5
1000022 1000498 13
1000022 1000500 3
1000022 1000503 1
1000022 1000505 33
1000022 1000506 12
1000022 1000508 47
1000022 1000512 109
1000022 1000513 1
1000022 1000515 5
1000022 1000518 1
1000022 1000522 24
1000022 1000524 16
1000022 1000569 59
1000022 1000570 124
1000022 1000572 13
1000022 1000574 1
1000022 1000582 1
1000022 1000591 5
1000022 1000596 5
1000022 1000597 39
1000022 1000602 6
1000022 1000620 4
1000022 1000630 8
1000022 1000631 8
1000022 1000639 6
1000022 1000656 155
1000022 1000658 2
1000022 1000660 2
1000022 1000666 4
1000022 1000669 6
1000022 1000676 7
1000022 1000681 7
1000022 1000682 7
1000022 1000684 44
1000022 1000724 2
1000022 1000740 1
1000022 1000742 2
1000022 1000744 17
1000022 1000752 17
1000022 1000762 1
1000022 1000764 2
1000022 1000766 1
1000022 1000773 1
1000022 1000789 1
1000022 1000795 1
1000022 1000831 1
1000022 1000834 24
1000022 1000846 4
1000022 1000848 1
1000022 1000851 6
1000022 1000852 1
1000022 1000853 16
1000022 1000854 2
1000022 1000855 4
1000022 1000856 2
1000022 1000857 9
1000022 1000858 19
1000022 1000863 39
1000022 1000866 1
1000022 1000869 4
1000022 1000871 2
1000022 1000872 1
1000022 1000873 5
1000022 1000874 5
1000022 1000877 3
1000022 1000884 4
1000022 1000885 41
1000022 1000886 5
1000022 1000889 3
1000022 1000892 219
1000022 1000893 7
1000022 1000894 1
1000022 1000896 2
1000022 1000897 12
1000022 1000898 9
1000022 1000925 19
1000022 1000926 64
1000022 1000927 19
1000022 1000928 2
1000022 1000932 6
1000022 1000938 17
1000022 1000939 1
1000022 1000946 23
1000022 1000952 43
1000022 1000981 1
1000022 1000985 15
1000022 1000987 124
1000022 1000993 8
1000022 1000994 36
1000022 1001007 12
1000022 1001008 11
1000022 1001015 7
1000022 1001017 1
1000022 1001018 2
1000022 1001019 1
1000022 1001021 1
1000022 1001024 6
1000022 1001025 91
1000022 1001027 47
1000022 1001031 4
1000022 1001033 4
1000022 1001039 1
1000022 1001048 2
1000022 1001064 2
1000022 1001065 1
1000022 1001066 31
1000022 1001067 1
1000022 1001068 3
1000022 1001069 6
1000022 1001070 4
1000022 1001076 12
1000022 1001080 3
1000022 1001082 1
1000022 1001083 2
1000022 1001087 1
1000022 1001093 3
1000022 1001094 15
1000022 1001095 1
1000022 1001098 3
1000022 1001101 1
1000022 1001102 2
1000022 1001104 1
1000022 1001105 5
1000022 1001107 8
1000022 1001109 8
1000022 1001110 15
1000022 1001111 24
1000022 1001113 1
1000022 1001115 165
1000022 1001116 37
1000022 1001117 1
1000022 1001118 5
1000022 1001119 2
1000022 1001120 2
1000022 1001130 2
1000022 1001134 32
1000022 1001135 7
1000022 1001137 2
1000022 1001145 2
1000022 1001152 10
1000022 1001156 1
1000022 1001161 20
1000022 1001167 13
1000022 1001172 6
1000022 1001178 1
1000022 1001179 1
1000022 1001201 1
1000022 1001208 2
1000022 1001213 1
1000022 1001223 15
1000022 1001229 5
1000022 1001230 4
1000022 1001233 1
1000022 1001246 11
1000022 1001249 3
1000022 1001263 22
1000022 1001265 1
1000022 1001273 3
1000022 1001276 1
1000022 1001277 19
1000022 1001278 1
1000022 1001293 1
1000022 1001296 2
1000022 1001297 1
1000022 1001302 2
1000022 1001306 5
1000022 1001310 1
1000022 1001320 3
1000022 1001325 11
1000022 1001350 14
1000022 1001353 2
1000022 1001354 1
1000022 1001363 22
1000022 1001364 2
1000022 1001365 9
1000022 1001368 9
1000022 1001369 29
1000022 1001380 6
1000022 1001384 5
1000022 1001386 4
1000022 1001387 1
1000022 1001392 1
1000022 1001395 2
1000022 1001396 3
1000022 1001401 1
1000022 1001402 7
1000022 1001408 2
1000022 1001412 151
1000022 1001413 34
1000022 1001419 4
1000022 1001425 9
1000022 1001426 9
1000022 1001428 27
1000022 1001438 1
1000022 1001440 1
1000022 1001446 1
1000022 1001452 2
1000022 1001462 1
1000022 1001463 4
1000022 1001470 1
1000022 1001473 1
1000022 1001475 1
1000022 1001478 3
1000022 1001482 3
1000022 1001483 17
1000022 1001487 1
1000022 1001497 2
1000022 1001516 16
1000022 1001523 11
1000022 1001529 1
1000022 1001530 13
1000022 1001531 4
1000022 1001534 26
1000022 1001548 2
1000022 1001551 3
1000022 1001580 5
1000022 1001591 2
1000022 1001597 6
1000022 1001598 7
1000022 1001645 2
1000022 1001646 41
1000022 1001653 4
1000022 1001672 23
1000022 1001681 4
1000022 1001685 1
1000022 1001707 29
1000022 1001708 9
1000022 1001712 1
1000022 1001727 3
1000022 1001770 1
1000022 1001811 2
1000022 1001812 1
1000022 1001835 1
1000022 1001841 3
1000022 1001855 3
1000022 1001858 19
1000022 1001867 1
1000022 1001884 1
1000022 1001894 170
1000022 1001895 1
1000022 1001898 1
1000022 1001904 1
1000022 1001935 1
1000022 1001937 7
1000022 1001940 3
1000022 1001941 3
1000022 1001946 36
1000022 1002098 2
1000022 1002114 3
1000022 1002116 3
1000022 1002134 5
1000022 1002151 5
1000022 1002161 134
1000022 1002178 15
1000022 1002216 30
1000022 1002239 4
1000022 1002247 1
1000022 1002260 5
1000022 1002276 1
1000022 1002279 3
1000022 1002280 8
1000022 1002282 3
1000022 1002285 6
1000022 1002291 2
1000022 1002293 1
1000022 1002302 1
1000022 1002326 7
1000022 1002352 8
1000022 1002353 1
1000022 1002370 2
1000022 1002395 3
1000022 1002413 1
1000022 1002439 2
1000022 1002441 11
1000022 1002442 2
1000022 1002443 2
1000022 1002444 3
1000022 1002445 5
1000022 1002448 1
1000022 1002456 3
1000022 1002457 56
1000022 1002480 15
1000022 1002487 2
1000022 1002488 3
1000022 1002490 2
1000022 1002491 1
1000022 1002492 1
1000022 1002493 2
1000022 1002496 2
1000022 1002497 1
1000022 1002502 27
1000022 1002518 6
1000022 1002551 47
1000022 1002577 1
1000022 1002586 1
1000022 1002614 3
1000022 1002615 3
1000022 1002646 1
1000022 1002650 1
1000022 1002718 1
1000022 1002731 8
1000022 1002732 6
1000022 1002734 121
1000022 1002735 3
1000022 1002736 2
1000022 1002739 1
1000022 1002740 8
1000022 1002741 6
1000022 1002742 33
1000022 1002751 4
1000022 1002767 4
1000022 1002775 8
1000022 1002783 5
1000022 1002784 10
1000022 1002793 2
1000022 1002801 1
1000022 1002809 3
1000022 1002814 12
1000022 1002815 1
1000022 1002828 2
1000022 1002829 2
1000022 1002830 1
1000022 1002835 1
1000022 1002850 1
1000022 1002912 30
1000022 1003018 3
1000022 1003019 6
1000022 1003020 4
1000022 1003021 5
1000022 1003053 2
1000022 1003083 1
1000022 1003124 3
1000022 1003159 2
1000022 1003161 1
1000022 1003167 1
1000022 1003185 1
1000022 1003207 2
1000022 1003287 1
1000022 1003312 2
1000022 1003329 11
1000022 1003342 12
1000022 1003407 2
1000022 1003532 4
1000022 1003595 2
1000022 1003681 38
1000022 1003685 324
1000022 1003686 1
1000022 1003694 5
1000022 1003720 4
1000022 1003741 2
1000022 1003786 4
1000022 1003809 1
1000022 1003870 1
1000022 1003886 1
1000022 1004226 2
1000022 1004232 1
1000022 1004256 1
1000022 1004282 1
1000022 1004294 2
1000022 1004341 1
1000022 1004355 4
1000022 1004400 11
1000022 1004409 3
1000022 1004440 2
1000022 1004447 1
1000022 1004451 4
1000022 1004489 1
1000022 1004528 2
1000022 1004536 2
1000022 1004582 3
1000022 1004656 1
1000022 1004747 7
1000022 1004930 4
1000022 1005043 1
1000022 1005215 2
1000022 1005226 2
1000022 1005502 1
1000022 1005641 1
1000022 1005674 2
1000022 1005718 3
1000022 1005926 1
1000022 1006166 12
1000022 1006241 2
1000022 1006315 2
1000022 1006546 3
1000022 1006568 3
1000022 1006576 1
1000022 1006577 1
1000022 1006579 2
1000022 1006607 2
1000022 1006616 1
1000022 1006661 2
1000022 1007022 1
1000022 1007094 1
1000022 1007193 1
1000022 1007223 1
1000022 1007267 1
1000022 1007461 2
1000022 1007564 7
1000022 1007608 1
1000022 1007672 1
1000022 1007679 10
1000022 1007692 1
1000022 1007735 11
1000022 1007740 1
1000022 1007872 20
1000022 1008069 4
1000022 1008103 6
1000022 1008154 1
1000022 1008419 1
1000022 1008538 2
1000022 1008573 1
1000022 1008644 1
1000022 10087557 1
1000022 1008795 7
1000022 1009016 1
1000022 1009207 4
1000022 1009227 2
1000022 1009260 3
1000022 1009350 5
1000022 1009446 1
1000022 1009541 7
1000022 1009999 3
1000022 1010198 1
1000022 1010221 1
1000022 1010267 106
1000022 1010279 7
1000022 1010819 1
1000022 1011211 6
1000022 1011433 1
1000022 1011891 5
1000022 1012129 2
1000022 1012281 1
1000022 1012342 5
1000022 1012423 16
1000022 1012842 11
1000022 1012963 1
1000022 1013056 1
1000022 1013151 1
1000022 1013187 1
1000022 1013239 4
1000022 1013240 2
1000022 1013574 3
1000022 1013620 2
1000022 1013677 1
1000022 1014133 1
1000022 1014286 1
1000022 1014421 107
1000022 1014522 3
1000022 1014531 1
1000022 1014537 1
1000022 1015288 1
1000022 1015864 3
1000022 1016551 2
1000022 1016575 80
1000022 1016850 1
1000022 1017600 1
1000022 1017601 1
1000022 1018144 1
1000022 1018995 2
1000022 1019352 1
1000022 1019437 2
1000022 1020726 3
1000022 1021245 1
1000022 1021484 1
1000022 1021780 1
1000022 1021980 5
1000022 1022211 1
1000022 1022420 1
1000022 1022806 2
1000022 1023381 1
1000022 1023398 2
1000022 1023463 1
1000022 1023923 1
1000022 1025527 2
1000022 1025549 2
1000022 1025919 2
1000022 1026697 1
1000022 1026919 1
1000022 1027228 1
1000022 1027261 1
1000022 1027262 11
1000022 1027988 1
1000022 1027998 1
1000022 1029491 2
1000022 1030434 1
1000022 1030636 4
1000022 1030658 1
1000022 1032523 1
1000022 1032595 41
1000022 1034177 2
1000022 1034276 1
1000022 1035301 1
1000022 1035618 1
1000022 1035860 1
1000022 1036271 1
1000022 1037244 7
1000022 1037265 22
1000022 1037607 1
1000022 1037659 1
1000022 1039730 6
1000022 1039746 3
1000022 1039783 1
1000022 1040104 2
1000022 1041241 5
1000022 1042357 2
1000022 1042957 2
1000022 1043126 4
1000022 1043661 4
1000022 1043702 1
1000022 1044037 1
1000022 1044335 1
1000022 1044377 1
1000022 1045559 2
1000022 1046391 1
1000022 1047583 1
1000022 1048604 2
1000022 1049168 1
1000022 1050012 1
1000022 1050560 1
1000022 1050776 1
1000022 1051502 2
1000022 1052163 2
1000022 1052926 1
1000022 1053021 1
1000022 1053648 1
1000022 1054292 1
1000022 1054322 4
1000022 1055035 2
1000022 1055363 1
1000022 1056068 2
1000022 1056888 1
1000022 1059246 1
1000022 106 2
1000022 1063466 1
1000022 1066523 1
1000022 1066879 1
1000022 1066890 13
1000022 1067108 1
1000022 1067209 13
1000022 1071641 4
1000022 1073142 1
1000022 1075291 1
1000022 1075462 2
1000022 1075482 1
1000022 1077309 214
1000022 1078955 5
1000022 1079490 3
1000022 1085576 4
1000022 1085577 4
1000022 1085578 2
1000022 1086745 4
1000022 1088133 3
1000022 1088890 1
1000022 1091409 1
1000022 1092675 7
1000022 1093512 1
1000022 1093521 1
1000022 1094583 1
1000022 1095195 4
1000022 1096242 1
1000022 1101080 1
1000022 1103897 1
1000022 1105979 105
1000022 1111949 1
1000022 1112757 1
1000022 1114543 1
1000022 1117654 1
1000022 1122693 1
1000022 1123518 2
1000022 1123764 1
1000022 1126790 1
1000022 1129243 13
1000022 1132525 1
1000022 1136153 3
1000022 1136719 2
1000022 1137805 1
1000022 1138556 2
1000022 1139128 1
1000022 1139301 1
1000022 1158 37
1000022 1158734 1
1000022 1160349 16
1000022 1162 21
1000022 1168 2
1000022 1169 12
1000022 1176432 3
1000022 1177 7
1000022 1180 8
1000022 1182660 29
1000022 1183666 2
1000022 1184515 2
1000022 1187 1
1000022 1191 14
1000022 1192 2
1000022 1192443 3
1000022 1194 9
1000022 1198 56
1000022 1198173 1
1000022 1198521 1
1000022 1198522 2
1000022 1198523 1
1000022 1198526 1
1000022 1198859 1
1000022 1200 57
1000022 1201 82
1000022 1201759 1
1000022 1204730 1
1000022 1205 18
1000022 121 65
1000022 1212 50
1000022 1223 14
1000022 1230 1
1000022 1231740 55
1000022 1233130 3
1000022 1233310 6
1000022 1233613 1
1000022 1233930 7
1000022 1233945 1
1000022 1234327 2
1000022 1234328 1
1000022 1234331 2
1000022 1234431 1
1000022 1234704 3
1000022 1234850 2
1000022 1235281 15
1000022 1235475 5
1000022 1235491 1
1000022 1235774 1
1000022 1235782 1
1000022 1236708 1
1000022 1237629 1
1000022 1238128 6
1000022 1238891 2
1000022 1239843 1
1000022 1240617 1
1000022 1241121 6
1000022 1241645 1
1000022 1244111 1
1000022 1244382 4
1000022 1244407 2
1000022 1244475 1
1000022 1246211 25
1000022 1251222 4
1000022 1251457 1
1000022 1252 6
1000022 1253 1
1000022 1253825 1
1000022 1254886 1
1000022 1255 8
1000022 1257265 3
1000022 1257635 2
1000022 1259 116
1000022 1262 2
1000022 1264703 1
1000022 1265 2
1000022 1268270 1
1000022 1268623 2
1000022 1270 42
1000022 1270110 1
1000022 1270639 11
1000022 1272256 1
1000022 1274 182
1000022 1274316 4
1000022 1275131 2
1000022 1275226 1
1000022 1275996 23
1000022 1280371 1
1000022 1280690 1
1000022 1281857 1
1000022 1281861 1
1000022 1289 12
1000022 1290837 1
1000022 1291608 4
1000022 1291617 1
1000022 1292 52
1000022 1292994 2
1000022 1296798 4
1000022 1298 1
1000022 1298659 1
1000022 1300189 1
1000022 1302903 3
1000022 1303 51
1000022 1303912 1
1000022 1305 12
1000022 1306 1
1000022 1307 97
1000022 1310234 1
1000022 1312 6
1000022 1314951 3
1000022 1316789 1
1000022 1318606 2
1000022 1322555 1
1000022 1323081 1
1000022 1327 3
1000022 1330 1
1000022 1335427 1
1000022 1335603 2
1000022 1342613 129
1000022 1394 23
1000022 1399 1
1000022 1400 42
1000022 1403 5
1000022 1410 2
1000022 1411 289
1000022 1412 2
1000022 1413 13
1000022 1414 2
1000022 1428 12
1000022 1537 51
1000022 1570 1
1000022 1610 3
1000022 1681 63
1000022 176 65
1000022 1786 10
1000022 18 5
1000022 1825 40
1000022 1838 2
1000022 1844 1
1000022 1845 1
1000022 1854 10
1000022 189 36
1000022 1986 14
1000022 1991 2
1000022 2 1
1000022 2016530 1
1000022 2017 62
1000022 2024981 4
1000022 2043716 2
1000022 2050851 1
1000022 2051181 1
1000022 2058786 1
1000022 2085 9
1000022 2125382 1
1000022 2132 20
1000022 2132348 1
1000022 2145205 4
1000022 217 31
1000022 2176026 1
1000022 2184 1
1000022 2194 3
1000022 2231 7
1000022 231 105
1000022 232 16
1000022 234 52
1000022 238 12
1000022 251 2
1000022 2580 2
1000022 2600 69
1000022 2617 18
1000022 2636 18
1000022 275 7
1000022 28 3
1000022 2814 1
1000022 2842 2
1000022 2884 3
1000022 2896 66
1000022 2897 14
1000022 2955 1
1000022 296 5
1000022 30 6
1000022 3009 16
1000022 302 2
1000022 3042 3
1000022 313 47
1000022 3139 1
1000022 3142 10
1000022 3150 47
1000022 3287 2
1000022 3298 6
1000022 3314 52
1000022 3321 13
1000022 3324 6
1000022 3325 2
1000022 3327 48
1000022 3364 20
1000022 3402 36
1000022 3418 18
1000022 3437 1
1000022 344 56
1000022 352 19
1000022 3533 6
1000022 3656 54
1000022 3727 5
1000022 3758 4
1000022 386 33
1000022 388 2
1000022 4019 55
1000022 4061 36
1000022 4153 19
1000022 4154 30
1000022 4156 6
1000022 4192 10
1000022 4195 2
1000022 421 32
1000022 4221 69
1000022 4225 44
1000022 4241 1
1000022 425 7
1000022 4263 1
1000022 4267 266
1000022 4295 6
1000022 4296 1
1000022 4371 86
1000022 4449 19
1000022 4455 54
1000022 4465 33
1000022 4468 213
1000022 4471 82
1000022 4481 12
1000022 4483 2
1000022 4497 1
1000022 4499 30
1000022 4569 11
1000022 4609 1
1000022 4622 15
1000022 4623 9
1000022 463 20
1000022 4753 1
1000022 5063 8
1000022 5097 2
1000022 5131 2
1000022 535 8
1000022 5409 114
1000022 542 1
1000022 5477 27
1000022 5485 8
1000022 5496 2
1000022 5524 3
1000022 553 5
1000022 5531 3
1000022 5550 2
1000022 5556 134
1000022 5559 5
1000022 5606 215
1000022 5659 41
1000022 5661 82
1000022 5668 11
1000022 5692 1
1000022 5705 47
1000022 5706 1
1000022 5715 330
1000022 5717 14
1000022 5734 11
1000022 5739 26
1000022 5743 17
1000022 5771 1
1000022 5792 2
1000022 5793 82
1000022 5796 4
1000022 5804 155
1000022 5808 77
1000022 5810 30
1000022 5815 5
1000022 5820 1
1000022 5825 1
1000022 5833 4
1000022 59 1
1000022 593 6
1000022 599 642
1000022 600 137
1000022 601 82
1000022 602 1
1000022 604 2
1000022 606 47
1000022 6655631 1
1000022 676 128
1000022 6800499 23
1000022 6804790 2
1000022 6866886 4
1000022 6868142 17
1000022 6893745 3
1000022 6894243 1
1000022 6924208 1
1000022 709 54
1000022 71 1
1000022 711 2
1000022 715 20
1000022 718 19
1000022 721 195
1000022 722 31
1000022 728 1
1000022 742 27
1000022 743 243
1000022 78 171
1000022 793 13
1000022 813 12
1000022 816 6
1000022 819 8
1000022 82 16
1000022 83 1
1000022 831 22
1000022 833 1
1000022 857 1
1000022 860 4
1000022 873 12
1000022 930 25
1000022 948 2
1000022 949 21
1000022 956 41
1000022 958 2
1000022 969 18
1000022 970 3
1000022 976 108
1000022 979 40
1000022 988 1
1000023 1000009 38
1000023 1000010 2
1000023 1000014 253
1000023 1000024 494
1000023 1000028 6
1000023 1000031 6
1000023 1000043 51
1000023 1000045 14
1000023 1000048 1
1000023 1000052 469
1000023 1000056 2
1000023 1000059 176
1000023 1000060 2
1000023 1000062 101
1000023 1000088 137
1000023 1000099 74
1000023 1000107 329
1000023 1000110 10
1000023 1000113 17
1000023 1000114 140
1000023 1000115 50
1000023 1000123 209
1000023 1000126 124
1000023 1000129 1
1000023 1000138 213
1000023 1000139 134
1000023 1000140 229
1000023 1000156 102
1000023 1000157 19
1000023 1000161 24
1000023 1000163 14
1000023 1000183 120
1000023 1000184 15
1000023 1000188 304
1000023 1000196 24
1000023 1000199 79
1000023 1000201 86
1000023 1000210 101
1000023 1000242 6
1000023 1000243 14
1000023 1000250 3
1000023 1000254 41
1000023 1000258 16
1000023 1000260 1
1000023 1000265 115
1000023 1000266 115
1000023 1000270 9
1000023 1000286 43
1000023 1000289 8
1000023 1000292 14
1000023 1000294 48
1000023 1000295 2
1000023 1000307 11
1000023 1000320 1
1000023 1000323 72
1000023 1000329 20
1000023 1000333 17
1000023 1000338 103
1000023 1000340 38
1000023 1000343 96
1000023 1000405 2
1000023 1000421 10
1000023 1000442 21
1000023 1000445 30
1000023 1000481 68
1000023 1000487 10
1000023 1000495 51
1000023 1000508 43
1000023 1000569 6
1000023 1000572 19
1000023 1000580 29
1000023 1000591 2
1000023 1000597 47
1000023 1000602 33
1000023 1000604 2
1000023 1000623 3
1000023 1000631 2
1000023 1000632 23
1000023 1000638 53
1000023 1000666 46
1000023 1000669 32
1000023 1000676 3
1000023 1000681 26
1000023 1000730 5
1000023 1000751 3
1000023 1000781 9
1000023 1000795 5
1000023 1000807 5
1000023 1000836 1
1000023 1000881 4
1000023 1000897 28
1000023 1000925 4
1000023 1000952 3
1000023 1001136 4
1000023 1001137 15
1000023 1001161 3
1000023 1001174 34
1000023 1001178 3
1000023 1001179 2
1000023 1001180 21
1000023 1001182 2
1000023 1001201 13
1000023 1001222 7
1000023 1001249 7
1000023 1001295 2
1000023 1001313 16
1000023 1001339 7
1000023 1001342 2
1000023 1001349 4
1000023 1001365 8
1000023 1001368 5
1000023 1001384 2
1000023 1001386 12
1000023 1001387 4
1000023 1001412 117
1000023 1001483 2
1000023 1001503 6
1000023 1001646 10
1000023 1001651 7
1000023 1001653 3
1000023 1001672 18
1000023 1001718 6
1000023 1001771 18
1000023 1001783 4
1000023 1001809 10
1000023 1001903 2
1000023 1001917 6
1000023 1001932 1
1000023 1001993 3
1000023 1002041 13
1000023 1002065 2
1000023 1002068 13
1000023 1002097 7
1000023 1002152 1
1000023 1002179 1
1000023 1002192 1
1000023 1002216 24
1000023 1002220 55
1000023 1002226 4
1000023 1002270 134
1000023 1002295 23
1000023 1002305 5
1000023 1002384 1
1000023 1002397 6
1000023 1002401 1
1000023 1002461 1
1000023 1002577 2
1000023 1002626 20
1000023 1002681 1
1000023 1002712 8
1000023 1002840 1
1000023 1002877 3
1000023 1003029 3
1000023 1003162 2
1000023 1003221 4
1000023 1003329 3
1000023 1003356 1
1000023 1003357 4
1000023 1003469 12
1000023 1003550 6
1000023 1003578 3
1000023 1003591 3
1000023 1003694 4
1000023 1003707 3
1000023 1003811 1
1000023 1003850 1
1000023 1003866 1
1000023 1004306 1
1000023 1004519 4
1000023 1004529 5
1000023 1004553 7
1000023 1004572 2
1000023 1005043 4
1000023 1005423 1
1000023 1005431 9
1000023 1005527 6
1000023 1005712 7
1000023 1005879 1
1000023 1005954 1
1000023 1005975 35
1000023 1006016 38
1000023 1006048 2
1000023 1006245 1
1000023 1006247 1
1000023 1006914 3
1000023 1007347 4
1000023 1007555 1
1000023 1007993 1
1000023 1008922 1
1000023 1009455 1
1000023 1010486 1
1000023 1010861 1
1000023 1011075 5
1000023 1013141 4
1000023 1013587 4
1000023 1013818 1
1000023 1014111 1
1000023 1014421 167
1000023 1014531 5
1000023 1014799 1
1000023 1015982 3
1000023 1016677 4
1000023 1016805 4
1000023 1018044 3
1000023 1018286 3
1000023 1018746 27
1000023 1018807 1
1000023 1018936 1
1000023 1020390 2
1000023 1020773 1
1000023 1022605 1
1000023 1024832 5
1000023 1024873 4
1000023 1025177 3
1000023 1026266 6
1000023 1026835 10
1000023 1027751 1
1000023 1027862 1
1000023 1029388 6
1000023 1030959 1
1000023 1031732 23
1000023 1032094 1
1000023 1032263 3
1000023 1034635 31
1000023 1035582 1
1000023 1036368 19
1000023 1044497 1
1000023 1045491 1
1000023 1046047 3
1000023 1050581 3
1000023 1051978 3
1000023 10591801 1
1000023 10596860 1
1000023 1064677 2
1000023 1066890 11
1000023 10689809 1
1000023 1069171 1
1000023 1073218 3
1000023 1075788 4
1000023 1077309 28
1000023 1080575 3
1000023 1083073 1
1000023 1083121 2
1000023 1088424 1
1000023 1093795 1
1000023 1103693 2
1000023 1106614 4
1000023 1110757 3
1000023 1125887 1
1000023 1128697 1
1000023 1131858 14
1000023 1149043 2
1000023 1152838 6
1000023 1160349 19
1000023 1167394 2
1000023 1168 5
1000023 1169 77
1000023 1177 2
1000023 1182 1
1000023 1198 32
1000023 1200 63
1000023 1201 137
1000023 1202 6
1000023 1205 96
1000023 1211717 3
1000023 1223 16
1000023 1237790 7
1000023 1237912 4
1000023 1238056 6
1000023 1244340 75
1000023 1251897 1
1000023 1255063 7
1000023 1259 144
1000023 1260159 1
1000023 1261394 25
1000023 1261834 7
1000023 1264 1
1000023 1266739 14
1000023 1269 9
1000023 1270 10
1000023 1270599 5
1000023 1273173 1
1000023 1274 126
1000023 1275996 65
1000023 1289443 2
1000023 1292 13
1000023 1306 22
1000023 1335502 5
1000023 1335601 3
1000023 1335603 1
1000023 1335613 6
1000023 1335615 1
1000023 1335617 2
1000023 1335638 3
1000023 1335642 1
1000023 1335745 1
1000023 1335900 1
1000023 1336501 1
1000023 1341621 8
1000023 1390 1
1000023 1394 10
1000023 1400 66
1000023 1413 5
1000023 1428 3
1000023 1500 5
1000023 1632 9
1000023 18 2
1000023 1825 29
1000023 1854 120
1000023 1986 62
1000023 1991 11
1000023 2003588 2
1000023 2007 14
1000023 202 3
1000023 2033103 1
1000023 2063799 1
1000023 2075438 4
1000023 2090743 1
1000023 2116 1
1000023 2132 112
1000023 2137478 4
1000023 221 2
1000023 2287985 1
1000023 231 62
1000023 250 3
1000023 251 20
1000023 2548 1
1000023 2575 16
